2.0
2.0
4.8
4.17
3.71
3.71
3.56
3.56
3.56
3.56
3.56
3.56
3.56
3.3
3.3
3.25
3.08
3.08
2.93
2.93
3.08
3.07
3.07
3.07
2.94
2.94
3.29
3.29
3.29
3.67
3.67
3.67
3.67
3.71
3.64
3.53
3.53
3.53
3.43
3.43
3.43
3.33
3.26
3.26
3.26
3.26
3.26
3.26
3.26
3.26
3.26
3.18
3.18
3.1
3.1
3.58
3.58
3.51
3.51
3.44
3.44
3.44
3.44
3.47
3.47
3.59
3.58
3.56
3.56
3.56
3.5
3.44
3.42
3.37
3.45
3.3
3.3
3.3
3.3
3.26
3.38
3.38
3.38
3.46
3.41
3.37
3.37
3.37
3.37
3.37
3.37
3.37
3.37
3.37
3.37
3.35
3.35
3.3
3.27
3.27
3.27
3.27
3.27
3.27
3.27
3.27
3.33
3.36
3.32
3.32
3.4
3.4
3.4
3.36
3.36
3.35
3.35
3.35
3.35
3.32
3.32
3.31
3.28
3.33
3.27
3.26
3.26
3.23
3.23
3.19
3.19
3.19
3.19
3.19
3.19
3.19
3.19
3.21
3.34
3.34
3.31
3.3
3.3
3.3
3.33
3.34
3.39
3.39
3.39
3.51
3.61
3.61
3.62
3.63
3.63
3.63
3.63
3.63
3.6
3.6
3.6
3.58
3.58
3.63
3.63
3.63
3.62
3.62
3.62
3.62
3.62
3.62
3.62
3.62
3.62
3.59
3.59
3.59
3.56
3.56
3.56
3.54
3.54
3.54
3.54
3.54
3.54
3.54
3.51
3.48
3.47
3.47
3.47
3.47
3.45
3.45
3.45
3.45
3.45
3.45
3.43
3.5
3.5
3.5
3.49
3.49
3.47
3.47
3.45
3.45
3.45
3.48
3.5
3.48
3.48
3.47
3.45
3.49
3.49
3.52
3.52
3.52
3.52
3.52
3.52
3.52
3.52
3.54
3.57
3.57
3.57
3.57
3.57
3.57
3.58
3.58
3.58
3.58
3.58
3.59
3.6
3.58
3.56
3.55
3.55
3.55
3.55
3.58
3.58
3.57
3.57
3.59
3.59
3.64
3.64
3.64
3.64
3.64
3.75
3.64
3.64
3.64
3.64
3.62
3.62
3.62
3.6
3.6
3.58
3.57
3.57
3.55
3.53
3.53
3.53
3.53
3.52
3.52
3.52
3.52
3.52
3.51
3.51
3.54
3.54
3.54
3.56
3.54
3.58
3.58
3.56
3.55
3.55
3.55
3.53
3.52
3.51
3.52
3.52
3.52
3.52
3.52
3.57
3.57
3.57
3.58
3.56
3.56
3.55
3.55
3.57
3.57
3.57
3.57
3.57
3.57
3.57
3.58
3.56
3.56
3.56
3.55
3.55
3.55
3.57
3.59
3.6
3.63
3.61
3.61
3.61
3.61
3.59
3.59
3.59
3.59
3.59
3.59
3.59
3.59
3.59
3.59
3.59
3.59
3.59
3.59
3.58
3.58
3.58
3.6
3.6
3.6
3.6
3.6
3.59
3.59
3.6
3.6
3.6
3.6
3.6
3.6
3.6
3.6
3.6
3.6
3.6
3.6
3.6
3.59
3.59
3.57
3.57
3.57
3.57
3.57
3.57
3.57
3.57
3.57
3.57
3.57
3.55
3.71
3.71
3.71
3.71
3.71
3.82
3.81
3.81
3.82
3.82
3.82
3.82
3.82
3.8
3.8
3.8
3.8
3.8
3.78
3.77
3.77
3.77
3.77
3.77
3.77
3.77
3.77
3.75
3.74
3.75
3.75
3.77
3.78
3.78
3.76
3.76
3.75
3.75
3.7
3.72
3.71
3.71
3.71
3.71
3.71
3.7
3.69
3.67
3.67
3.69
3.69
3.68
3.68
3.68
3.68
3.67
3.67
3.7
3.71
3.73
3.73
3.75
3.74
3.74
3.74
3.73
3.74
3.76
3.76
3.74
3.74
3.74
3.73
3.76
3.76
3.76
3.76
3.77
3.76
3.76
3.86
3.86
3.8
3.8
3.8
3.8
3.79
3.79
3.76
3.75
3.75
3.75
3.79
3.79
3.79
3.79
3.79
3.77
3.77
3.78
3.78
3.78
3.76
3.74
3.76
3.77
3.77
3.77
3.77
3.77
3.76
3.76
3.75
3.75
3.76
3.76
3.76
3.76
3.77
3.77
3.76
3.76
3.76
3.76
3.76
3.74
3.74
3.74
3.74
3.76
3.76
3.76
3.78
3.76
3.76
3.76
3.76
3.77
3.77
3.91
3.92
3.95
3.96
3.96
3.96
3.96
3.96
3.96
3.98
3.96
3.96
3.96
3.94
3.94
3.97
3.95
3.95
3.94
3.94
3.94
3.92
3.97
3.96
3.96
3.95
3.95
3.95
3.93
3.88
3.88
3.87
3.88
3.87
3.87
3.87
3.86
3.86
3.86
3.85
3.85
3.85
3.85
3.87
3.87
3.87
3.88
3.88
3.87
3.87
3.87
3.87
3.86
3.86
3.86
3.86
3.86
3.88
3.9
3.9
3.94
3.94
3.94
3.93
3.94
3.94
3.94
3.97
3.96
3.94
3.94
3.93
3.92
3.92
3.96
3.94
3.94
3.94
3.93
3.91
3.91
3.92
3.92
3.92
3.92
3.92
3.92
3.92
3.93
3.93
3.92
3.92
3.93
3.91
3.9
3.88
3.87
3.87
3.87
3.85
3.85
3.85
3.84
3.84
3.88
3.9
3.88
3.87
3.87
3.87
3.87
3.87
3.86
3.86
3.85
3.85
3.84
3.84
3.83
3.84
3.84
3.86
3.86
3.85
3.84
3.83
3.82
3.84
3.83
3.83
3.83
3.82
3.82
3.82
3.82
3.82
3.75
3.76
3.75
3.78
3.78
3.78
3.8
3.79
3.77
3.8
3.8
3.79
3.83
3.83
3.93
3.96
3.94
3.97
3.97
3.97
3.96
3.96
3.98
3.97
3.97
3.97
3.96
3.96
3.96
3.96
3.96
3.96
3.92
3.92
3.96
3.97
3.97
3.97
3.97
3.97
3.97
3.97
3.93
3.93
3.93
3.93
3.93
3.95
3.95
3.94
3.93
3.92
3.92
3.9
3.91
3.91
3.91
3.91
3.91
3.91
3.91
3.91
3.91
3.94
3.92
3.92
3.91
3.91
3.91
3.89
3.92
3.9
3.9
3.9
3.91
3.9
3.9
3.91
3.91
3.91
3.9
3.91
3.91
3.91
3.91
3.9
3.91
3.91
3.89
3.88
3.86
3.88
3.88
3.87
3.87
3.85
3.86
3.86
3.86
3.86
3.86
3.86
3.88
3.89
3.86
3.85
3.85
3.85
3.85
3.85
3.84
3.83
3.86
3.86
3.86
3.86
3.86
3.86
3.86
3.75
3.75
3.75
3.75
3.75
3.75
3.74
3.74
3.73
3.65
3.65
3.65
3.66
3.66
3.67
3.67
3.67
3.65
3.64
3.65
3.65
3.64
3.68
3.67
3.67
3.67
3.67
3.67
3.67
3.67
3.69
3.69
3.69
3.68
3.73
3.74
3.73
3.71
3.71
3.73
3.73
3.73
3.73
3.75
3.75
3.74
3.74
3.74
3.78
3.77
3.77
3.76
3.77
3.77
3.77
3.75
3.72
3.73
3.73
3.72
3.72
3.71
3.71
3.71
3.73
3.77
3.77
3.78
3.78
3.8
3.79
3.79
3.79
3.79
3.79
3.78
3.77
3.76
3.76
3.76
3.74
3.65
3.64
3.64
3.64
3.64
3.64
3.64
3.65
3.65
3.66
3.66
3.66
3.68
3.7
3.69
3.68
3.7
3.7
3.7
3.7
3.68
3.68
3.68
3.69
3.71
3.71
3.7
3.7
3.69
3.69
3.69
3.68
3.7
3.68
3.67
3.67
3.67
3.67
3.66
3.67
3.67
3.66
3.63
3.63
3.61
3.61
3.61
3.61
3.46
3.53
3.53
3.51
3.51
3.51
3.51
3.49
3.49
3.5
3.5
3.5
3.48
3.47
3.47
3.51
3.51
3.51
3.51
3.5
3.5
3.55
3.53
3.53
3.53
3.52
3.52
3.51
3.51
3.46
3.45
3.45
3.45
3.44
3.43
3.43
3.43
3.43
3.42
3.42
3.42
3.41
3.41
3.41
3.44
3.44
3.44
3.44
3.43
3.41
3.41
3.44
3.44
3.42
3.42
3.44
3.44
3.49
3.5
3.5
3.51
3.51
3.46
3.46
3.45
3.42
3.42
3.42
3.42
3.41
3.41
3.41
3.41
3.41
3.41
3.41
3.41
3.46
3.45
3.45
3.45
3.45
3.44
3.44
3.44
3.44
3.44
3.43
3.43
3.43
3.43
3.43
3.4
3.41
3.43
3.42
3.41
3.41
3.41
3.41
3.47
3.47
3.47
3.47
3.47
3.41
3.46
3.46
3.46
3.46
3.46
3.5
3.52
3.55
3.55
3.7
3.7
3.71
3.71
3.71
3.89
3.96
3.99
4.01
4.0
4.01
4.01
4.05
4.05
4.05
4.04
4.05
4.05
4.07
4.07
4.07
4.07
4.07
4.05
4.04
4.04
4.04
4.04
4.03
4.03
4.04
4.03
4.02
4.03
4.03
3.92
3.92
3.92
3.92
3.92
3.92
3.92
3.92
3.92
3.92
4.04
4.04
4.04
4.06
4.06
4.07
4.07
4.05
4.07
4.07
4.07
4.07
4.06
4.06
4.05
4.07
4.05
4.05
4.07
4.07
4.07
4.07
4.07
4.07
4.09
4.08
4.08
4.08
4.08
4.08
4.08
4.09
4.08
4.09
4.08
4.08
4.08
4.08
4.06
4.06
4.1
4.09
4.07
4.07
4.07
4.06
4.05
4.05
4.04
4.02
4.02
4.01
4.01
4.01
4.01
4.01
4.03
4.03
4.03
4.03
4.04
4.04
4.04
4.04
4.04
4.04
4.08
4.08
4.08
4.06
4.09
4.09
4.09
4.09
4.09
4.09
4.14
4.1
4.1
4.1
4.1
4.1
4.09
4.09
4.09
4.09
4.1
4.1
4.08
4.08
4.08
4.08
4.08
4.09
4.09
4.09
4.07
4.09
4.09
4.09
4.25
4.25
4.26
4.28
4.28
4.29
4.29
4.29
4.29
4.29
4.32
4.32
4.3
4.31
4.31
4.3
4.3
4.31
4.3
4.3
4.23
4.23
4.23
4.23
4.23
4.22
4.22
4.22
4.2
4.2
4.2
4.22
4.23
4.21
4.21
4.21
4.21
4.21
4.21
4.22
4.22
4.22
4.22
4.22
4.22
4.2
4.2
4.23
4.25
4.25
4.25
4.25
4.25
4.23
4.22
4.21
4.26
4.26
4.29
4.29
4.29
4.29
4.29
4.23
4.21
4.23
4.23
4.23
4.25
4.25
4.26
4.25
4.25
4.25
4.32
4.32
4.3
4.3
4.3
4.3
4.3
4.3
4.29
4.29
4.29
4.29
4.28
4.28
4.28
4.28
4.3
4.29
4.29
4.29
4.29
4.32
4.32
4.3
4.3
4.29
4.29
4.3
4.3
4.3
4.3
4.35
4.33
4.33
4.33
4.32
4.32
4.3
